<?xml version="1.0"?>
<opencv_storage>
<imagelist>
l000009.jpg
r000009.jpg
l000059.jpg
r000059.jpg
l000179.jpg
r000179.jpg
l000189.jpg
r000189.jpg
l000199.jpg
r000199.jpg
l000279.jpg
r000279.jpg
l000289.jpg
r000289.jpg
l000299.jpg
r000299.jpg
l000379.jpg
r000379.jpg
l000389.jpg
r000389.jpg
l000399.jpg
r000399.jpg
l000479.jpg
r000479.jpg
l000489.jpg
r000489.jpg
l000499.jpg
r000499.jpg
l000579.jpg
r000579.jpg
l000589.jpg
r000589.jpg
l000599.jpg
r000599.jpg
l000679.jpg
r000679.jpg
l000689.jpg
r000689.jpg
l000699.jpg
r000699.jpg
l000779.jpg
r000779.jpg
l000789.jpg
r000789.jpg
l000799.jpg
r000799.jpg
l000879.jpg
r000879.jpg
l000889.jpg
r000889.jpg
l000899.jpg
r000899.jpg
l000979.jpg
r000979.jpg
l000989.jpg
r000989.jpg
l000999.jpg
r000999.jpg
l001079.jpg
r001079.jpg
l001089.jpg
r001089.jpg
l001099.jpg
r001099.jpg
l001179.jpg
r001179.jpg
l001189.jpg
r001189.jpg
l001199.jpg
r001199.jpg
l001279.jpg
r001279.jpg
l001289.jpg
r001289.jpg
l001299.jpg
r001299.jpg
l001379.jpg
r001379.jpg
l001389.jpg
r001389.jpg
l001399.jpg
r001399.jpg
l001479.jpg
r001479.jpg
l001489.jpg
r001489.jpg
l001499.jpg
r001499.jpg
l001599.jpg
r001599.jpg
l001609.jpg
r001609.jpg
l001619.jpg
r001619.jpg
</imagelist>
</opencv_storage>
